38.502079 24.616750
127.039583 56.373371
99.823203 107.160211
98.071459 170.599631
41.692272 112.995914
41.195103 189.586624
28.408224 33.292088
10.415578 186.240277
12.680900 172.088113
171.787763 157.111798
79.717899 26.786250
66.587256 93.413637
168.441322 111.806509
89.205330 10.847897
66.165799 179.697228
107.996420 141.383484
82.904508 92.967988
20.044308 35.623391
104.377135 67.169795
181.030712 135.078235
20.802315 149.109215
36.838820 119.442270
42.520307 178.988335
10.750878 88.344411
39.331638 18.674103
66.418567 59.469363
9.270253 101.085628
17.978330 16.172485
106.754390 21.830842
58.794611 149.262686
133.583224 120.693597
57.595395 138.506397
12.318133 156.035106
148.250810 20.962648
97.045882 178.095136
10.266377 14.577060
26.416591 144.544908
130.762405 149.826293
46.965383 146.991508
17.246906 73.287323
119.588327 157.872789
17.333309 154.386783
110.355706 45.790650
30.369105 156.386393
47.474604 106.174451
156.885578 58.314064
86.496999 138.950439
131.099608 21.951010
53.235768 159.566052
79.201349 54.587759
85.912892 90.347847
63.162288 154.544426
1.564059 84.621877
126.353275 25.299973
39.249784 63.495955
50.208369 178.584481
36.886734 42.406169
62.685798 33.240713
34.086405 51.558450
136.819213 80.477667
124.134389 30.873961
70.155349 137.107142
166.484677 119.498038
148.509073 84.866957
63.504117 130.738027
91.577267 48.095679
148.129613 148.737668
35.001947 32.713982
103.311642 140.540461
108.176816 135.946780
109.289888 79.776150
184.735123 130.739978
184.219451 158.931577
51.522747 150.389279
143.042503 128.412166
163.228021 63.485573
127.132278 190.178883
44.834300 130.490215
28.437432 5.026997
145.155053 74.072537
114.205175 35.371012
184.916179 44.754081
128.023310 36.123378
69.487529 132.123365
160.111731 149.169497
123.455846 115.098972
49.725792 90.327754
107.132838 17.415444
13.389252 187.879672
156.747296 106.827514
125.187525 27.573798
123.288697 187.932202
196.869883 189.115838
153.366277 67.339853
116.706635 110.358503
199.231222 70.906861
82.685458 43.546414
145.220886 156.574415
168.642668 184.466400
75.637227 140.867925
